 -8.25854665e-01
 1.68254596e+00
 -1.52224577e-01
 2.72270150e-01
 -2.15107770e-01
 3.46407345e-01
 -1.84116355e-01
 1.51882864e+00
 -3.29998572e-01
 7.84163792e-01
 7.24752192e-01
 -6.33748891e-01
 -4.63211009e-01
 -5.38801213e-01
 6.31525262e-01
 1.40109089e-01
 1.27135324e+00
 -9.25545432e-01
 9.61054880e-02
 -1.30258850e+00
 8.82102534e-02
 9.54347752e-01
 -1.18161920e+00
 8.00232260e-01
 -5.91730911e-01
 1.83300325e+00
 -3.05532531e-01
 4.34189280e-01
 1.11531896e+00
 1.00981519e+00
 2.29815316e-01
 -4.88962714e-01
 -4.10569161e-01
 7.84027684e-01
 -8.24848856e-01
 8.83291829e-01
 -1.88448844e+00
 3.67797437e-01
 -2.37912131e+00
 -8.94983709e-01
 3.39018618e-01
 8.32844488e-01
 1.54546031e-01
 -6.22046441e-01
 -1.58386729e+00
 -7.05551095e-01
 5.36674477e-01
 8.29756496e-01
 3.35117401e-01
 -4.05667682e-01
 1.31195426e+00
 1.42008435e+00
 9.51783054e-01
 8.32167292e-01
 1.47829343e+00
 -4.15841700e-02
 4.08714252e-01
 1.67032553e+00
 -7.15773964e-01
 5.60265293e-02
 -1.71948985e-01
 3.40415885e-01
 1.14175411e+00
 3.16535891e-01
 -1.49482235e+00
 2.66576343e+00
 6.93158887e-01
 -1.18286507e+00
 -6.62241670e-01
 -4.06896780e-01
 -1.58394945e+00
 1.37773434e+00
 8.72403694e-01
 -7.49064443e-01
 -3.87038626e-01
 -1.24019587e-01
 4.82973586e-01
 4.50236510e-01
 -2.91289955e-01
 9.00114379e-01
 -2.21463728e-01
 -3.81452739e-02
 -1.92763246e+00
 -6.60298831e-01
 -1.32570111e-01
 -8.30113236e-01
 -1.63286768e-01
 1.73660862e-01
 -8.45696225e-02
 -3.89872290e-01
 7.12236274e-01
 -2.44365791e-01
 4.64627822e-02
 -1.94089708e+00
 1.16433113e+00
 -1.01816225e+00
 -3.76133234e-01
 2.61434272e-01
 -5.40383217e-01
 9.96453443e-01
