  -8.2585466e-01
   1.6825460e+00
  -1.5222458e-01
   2.7227015e-01
  -2.1510777e-01
   3.4640734e-01
  -1.8411636e-01
   1.5188286e+00
  -3.2999857e-01
   7.8416379e-01
   7.2475219e-01
  -6.3374889e-01
  -4.6321101e-01
  -5.3880121e-01
   6.3152526e-01
   1.4010909e-01
   1.2713532e+00
  -9.2554543e-01
   9.6105488e-02
  -1.3025885e+00
   8.8210253e-02
   9.5434775e-01
  -1.1816192e+00
   8.0023226e-01
  -5.9173091e-01
   1.8330032e+00
  -3.0553253e-01
   4.3418928e-01
   1.1153190e+00
   1.0098152e+00
   2.2981532e-01
  -4.8896271e-01
  -4.1056916e-01
   7.8402768e-01
  -8.2484886e-01
   8.8329183e-01
  -1.8844884e+00
   3.6779744e-01
  -2.3791213e+00
  -8.9498371e-01
   3.3901862e-01
   8.3284449e-01
   1.5454603e-01
  -6.2204644e-01
  -1.5838673e+00
  -7.0555109e-01
   5.3667448e-01
   8.2975650e-01
   3.3511740e-01
  -4.0566768e-01
   1.3119543e+00
   1.4200843e+00
   9.5178305e-01
   8.3216729e-01
   1.4782934e+00
  -4.1584170e-02
   4.0871425e-01
   1.6703255e+00
  -7.1577396e-01
   5.6026529e-02
  -1.7194898e-01
   3.4041588e-01
   1.1417541e+00
   3.1653589e-01
  -1.4948224e+00
   2.6657634e+00
   6.9315889e-01
  -1.1828651e+00
  -6.6224167e-01
  -4.0689678e-01
  -1.5839495e+00
   1.3777343e+00
   8.7240369e-01
  -7.4906444e-01
  -3.8703863e-01
  -1.2401959e-01
   4.8297359e-01
   4.5023651e-01
  -2.9128996e-01
   9.0011438e-01
  -2.2146373e-01
  -3.8145274e-02
  -1.9276325e+00
  -6.6029883e-01
  -1.3257011e-01
  -8.3011324e-01
  -1.6328677e-01
   1.7366086e-01
  -8.4569622e-02
  -3.8987229e-01
   7.1223627e-01
  -2.4436579e-01
   4.6462782e-02
  -1.9408971e+00
   1.1643311e+00
  -1.0181622e+00
  -3.7613323e-01
   2.6143427e-01
  -5.4038322e-01
   9.9645344e-01
